Tau
700, 20, 180, 5, 0
6570, 0, 0, 0, 310

planet, 0, 0, 6000, 100000, planet_1.png, 200, 0
moon, 10000, 230, 0, 500, 1000, planet_2.png, 20, 0
moon, 20000, 180, 0, 500, 1000, planet_3.png, 20, 1
moon, 30000, 150, 0, 1000, 30000, planet_4.png, 20, 2
enemy, 6570, 100, 0, 0, 350, 0, 20
enemy, 8000, 50, 0, 0, 350, 0, 20
enemy, 6670, 0, 0, 0, 350, 0, 20
enemy, 6570, 150, 0, 0, 350, 0, 20
enemy, 20000, 500, 0, 0, 180, 0, 20
enemy, 15000, 50, 0, 0, 210, 0, 20
enemy, 15000, 150, 0, 0, 210, 0, 20
enemy, 6670, 0, 0, 0, 310, 0, 20
enemy, 6570, 150, 0, 0, 310, 0, 20
large_enemy, 6370, 0, 0, 0, 350, 0, 100
large_enemy, 6170, 50, 0, 0, 350, 0, 100
large_enemy, -6370, 0, 0, 0, -310, 0, 100
large_enemy, -6170, 50, 0, 0, -310, 0, 100